2011.03635
1909.01729
1803.03758
2206.10249
1805.08551
2004.13822
1807.11227
2012.10870
2407.09466
2505.01446
2504.20180
1803.02393
2406.02916
2406.12370
2105.02851
2411.18714
1805.11815
1905.00689
1910.04695
2106.14943
2207.00191
2502.12208
2006.00648
1909.04850
2006.11670
2006.11684
2502.00050
1910.06075
1809.01011
1908.08641
1909.00342
2010.13986
2501.05322
1406.7768
2112.05534
2207.12939
2403.03111
2009.11722
2108.04629
2504.04217
1804.07045
1806.01777
1811.01273
1901.10747
1907.03680
1908.06588
1909.03854
2006.04218
2006.11034
2009.01119
